begin reading file
/mnt/stage/douwei/Simulation/1t_root/2.0MeV_xyz/1t_+0.400_x.h5
/mnt/stage/douwei/Simulation/1t_root/2.0MeV_xyz/1t_+0.400_y.h5
/mnt/stage/douwei/Simulation/1t_root/2.0MeV_xyz/1t_+0.400_z.h5
/mnt/stage/douwei/Simulation/1t_root/2.0MeV_xyz/1t_-0.400_x.h5
/mnt/stage/douwei/Simulation/1t_root/2.0MeV_xyz/1t_-0.400_y.h5
/mnt/stage/douwei/Simulation/1t_root/2.0MeV_xyz/1t_-0.400_z.h5
total event: 41577
preprocessing 0-th event
preprocessing 10000-th event
preprocessing 20000-th event
preprocessing 30000-th event
preprocessing 40000-th event
begin processing legendre coeff
files shape: (202680, 30) (203190, 30) (218520, 30) (205110, 30) (200670, 30) (217140, 30)
begin get coeff
total pe shape: (1247310,)
Legendre coeff shape: (1247310, 30)
True
[[ 6333072.693]]
[[-6332993.507]]
[[ 0.000]]
1-th coeff:
 [ 1.625] 

x
================================================================================
1-th predict:
 [ 5.077  5.077  5.077  5.077  5.077  5.077  5.077  5.077  5.077  5.077
  5.077  5.077  5.077  5.077  5.077  5.077  5.077  5.077  5.077  5.077
  5.077  5.077  5.077  5.077  5.077  5.077  5.077  5.077  5.077  5.077] 

Mean hit:
 [ 5.607  4.420  2.744  2.765  9.679  4.128  9.816  2.770  3.336  18.309
  2.300  4.305  4.337  2.321  5.620  4.429  2.470  9.561  3.866  9.514
  2.760  2.643  3.280  2.488  2.766  4.161  2.278  18.063  2.298  4.374] 

y
================================================================================
1-th predict:
 [ 5.077  5.077  5.077  5.077  5.077  5.077  5.077  5.077  5.077  5.077
  5.077  5.077  5.077  5.077  5.077  5.077  5.077  5.077  5.077  5.077
  5.077  5.077  5.077  5.077  5.077  5.077  5.077  5.077  5.077  5.077] 

Mean hit:
 [ 3.318  2.338  11.989  4.599  6.753  3.522  2.614  2.843  4.609  3.160
  5.573  4.397  18.331  2.507  4.221  2.747  2.968  5.596  3.117  2.352
  18.287  2.113  7.843  4.524  2.323  11.794  2.350  3.364  6.573  2.150] 

z
================================================================================
1-th predict:
 [ 5.077  5.077  5.077  5.077  5.077  5.077  5.077  5.077  5.077  5.077
  5.077  5.077  5.077  5.077  5.077  5.077  5.077  5.077  5.077  5.077
  5.077  5.077  5.077  5.077  5.077  5.077  5.077  5.077  5.077  5.077] 

Mean hit:
 [ 11.825  8.589  4.789  3.403  2.959  2.752  2.672  3.312  16.386  4.308
  4.890  3.292  3.331  2.578  2.212  3.239  11.945  4.914  4.185  3.847
  3.248  2.564  2.244  2.312  8.731  4.723  3.849  2.677  2.879  2.676] 

-x
================================================================================
1-th predict:
 [ 5.077  5.077  5.077  5.077  5.077  5.077  5.077  5.077  5.077  5.077
  5.077  5.077  5.077  5.077  5.077  5.077  5.077  5.077  5.077  5.077
  5.077  5.077  5.077  5.077  5.077  5.077  5.077  5.077  5.077  5.077] 

Mean hit:
 [ 2.413  2.673  4.238  4.433  2.332  18.745  2.385  4.508  3.332  3.972
  9.430  2.696  2.738  9.396  2.369  2.665  5.576  2.277  17.865  2.290
  4.338  4.215  3.285  5.803  4.537  2.657  9.455  3.978  9.328  2.722] 

-y
================================================================================
1-th predict:
 [ 5.077  5.077  5.077  5.077  5.077  5.077  5.077  5.077  5.077  5.077
  5.077  5.077  5.077  5.077  5.077  5.077  5.077  5.077  5.077  5.077
  5.077  5.077  5.077  5.077  5.077  5.077  5.077  5.077  5.077  5.077] 

Mean hit:
 [ 3.246  6.487  2.274  18.565  2.408  3.229  5.749  4.235  2.635  3.421
  2.532  17.984  4.542  5.519  2.692  4.178  3.567  2.501  3.303  6.667
  4.557  11.877  2.278  2.738  6.561  2.275  6.594  3.104  2.324  12.281] 

-z
================================================================================
1-th predict:
 [ 5.077  5.077  5.077  5.077  5.077  5.077  5.077  5.077  5.077  5.077
  5.077  5.077  5.077  5.077  5.077  5.077  5.077  5.077  5.077  5.077
  5.077  5.077  5.077  5.077  5.077  5.077  5.077  5.077  5.077  5.077] 

Mean hit:
 [ 2.315  2.273  2.593  3.316  3.944  4.415  5.077  15.015  3.189  2.699
  2.618  3.202  3.376  4.918  9.930  14.584  2.304  2.584  2.680  2.938
  3.347  4.738  8.058  10.069  2.322  2.553  2.932  4.260  3.839  4.934] 

Saving file...
[[[ 1.724]]

 [[ 1.486]]

 [[ 1.009]]

 ...

 [[ 1.449]]

 [[ 1.345]]

 [[ 1.596]]] [ 1.625  1.625  1.625 ...  1.625  1.625  1.625]
here 7913763.814136177
True
[[ 6333072.954  2142678.260]
 [ 2142678.260  2417592.108]]
[[-6325542.927 -2142973.244]
 [-2142973.244 -2415850.759]]
[[ 0.000 -0.000]
 [-0.000  0.000]]
2-th coeff:
 [ 1.433  1.094] 

x
================================================================================
2-th predict:
 [ 7.358  5.938  3.036  3.036  9.773  1.473  9.773  2.958  4.191  11.927
  1.797  5.785  5.785  1.797  7.358  5.938  2.387  9.773  1.473  9.773
  3.036  3.036  4.191  2.387  2.958  5.785  1.797  11.927  1.797  5.785] 

Mean hit:
 [ 5.607  4.420  2.744  2.765  9.679  4.128  9.816  2.770  3.336  18.309
  2.300  4.305  4.337  2.321  5.620  4.429  2.470  9.561  3.866  9.514
  2.760  2.643  3.280  2.488  2.766  4.161  2.278  18.063  2.298  4.374] 

y
================================================================================
2-th predict:
 [ 4.186  2.188  10.435  1.483  8.151  4.464  2.445  3.140  6.257  3.935
  7.184  1.483  11.842  2.445  6.006  3.140  4.186  7.184  3.935  2.155
  11.842  1.683  8.976  6.006  2.188  10.435  2.155  4.464  8.151  1.683] 

Mean hit:
 [ 3.318  2.338  11.989  4.599  6.753  3.522  2.614  2.843  4.609  3.160
  5.573  4.397  18.331  2.507  4.221  2.747  2.968  5.596  3.117  2.352
  18.287  2.113  7.843  4.524  2.323  11.794  2.350  3.364  6.573  2.150] 

z
================================================================================
2-th predict:
 [ 10.712  9.408  6.988  4.730  3.447  3.057  2.709  1.548  11.602  5.747
  6.483  4.730  3.713  2.709  1.762  1.548  10.712  6.483  5.747  5.096
  3.713  2.514  1.910  1.762  9.408  6.988  5.096  3.057  3.447  2.514] 

Mean hit:
 [ 11.825  8.589  4.789  3.403  2.959  2.752  2.672  3.312  16.386  4.308
  4.890  3.292  3.331  2.578  2.212  3.239  11.945  4.914  4.185  3.847
  3.248  2.564  2.244  2.312  8.731  4.723  3.849  2.677  2.879  2.676] 

-x
================================================================================
2-th predict:
 [ 2.387  2.958  5.785  5.785  1.797  11.927  1.797  5.938  4.191  1.473
  9.773  3.036  3.036  9.773  2.387  2.958  7.358  1.797  11.927  1.797
  5.785  5.785  4.191  7.358  5.938  3.036  9.773  1.473  9.773  3.036] 

Mean hit:
 [ 2.413  2.673  4.238  4.433  2.332  18.745  2.385  4.508  3.332  3.972
  9.430  2.696  2.738  9.396  2.369  2.665  5.576  2.277  17.865  2.290
  4.338  4.215  3.285  5.803  4.537  2.657  9.455  3.978  9.328  2.722] 

-y
================================================================================
2-th predict:
 [ 4.197  8.026  1.683  11.842  2.155  3.935  7.184  5.594  2.807  4.464
  2.445  11.842  1.483  7.184  2.925  5.594  4.197  2.445  4.464  8.151
  1.483  10.435  1.957  2.925  8.026  1.683  8.151  3.935  2.155  10.435] 

Mean hit:
 [ 3.246  6.487  2.274  18.565  2.408  3.229  5.749  4.235  2.635  3.421
  2.532  17.984  4.542  5.519  2.692  4.178  3.567  2.501  3.303  6.667
  4.557  11.877  2.278  2.738  6.561  2.275  6.594  3.104  2.324  12.281] 

-z
================================================================================
2-th predict:
 [ 1.640  1.867  2.514  3.713  5.096  5.747  6.483  11.351  1.514  3.057
  2.709  3.713  4.730  6.483  9.971  11.351  1.640  2.709  3.057  3.447
  4.730  6.988  9.196  9.971  1.867  2.514  3.447  5.747  5.096  6.988] 

Mean hit:
 [ 2.315  2.273  2.593  3.316  3.944  4.415  5.077  15.015  3.189  2.699
  2.618  3.202  3.376  4.918  9.930  14.584  2.304  2.584  2.680  2.938
  3.347  4.738  8.058  10.069  2.322  2.553  2.932  4.260  3.839  4.934] 

Saving file...
[[[ 1.724]]

 [[ 1.486]]

 [[ 1.009]]

 ...

 [[ 1.449]]

 [[ 1.345]]

 [[ 1.596]]] [ 1.996  1.781  1.111 ...  1.749  1.628  1.944]
here 10173316.27857847
True
[[ 6333072.839  2142678.978  1252113.220]
 [ 2142678.978  2945766.426  1108867.746]
 [ 1252113.220  1108867.746  1732230.572]]
[[-6329268.217 -2142973.244 -1251697.540]
 [-2142973.244 -2942979.336 -1108506.694]
 [-1251697.540 -1108506.694 -1724809.408]]
[[ 0.000 -0.000 -0.000]
 [-0.000  0.000 -0.000]
 [-0.000 -0.000  0.000]]
3-th coeff:
 [ 1.430  0.839  0.672] 

x
================================================================================
3-th predict:
 [ 6.002  4.320  2.545  2.545  10.447  3.360  10.447  2.532  2.986  16.715
  2.851  4.173  4.173  2.851  6.002  4.320  2.531  10.447  3.360  10.447
  2.545  2.545  2.986  2.531  2.532  4.173  2.851  16.715  2.851  4.173] 

Mean hit:
 [ 5.607  4.420  2.744  2.765  9.679  4.128  9.816  2.770  3.336  18.309
  2.300  4.305  4.337  2.321  5.620  4.429  2.470  9.561  3.866  9.514
  2.760  2.643  3.280  2.488  2.766  4.161  2.278  18.063  2.298  4.374] 

y
================================================================================
3-th predict:
 [ 2.983  2.588  12.106  3.336  7.216  3.145  2.522  2.567  4.648  2.854
  5.763  3.336  16.416  2.522  4.387  2.567  2.983  5.763  2.854  2.601
  16.416  2.987  8.723  4.387  2.588  12.106  2.601  3.145  7.216  2.987] 

Mean hit:
 [ 3.318  2.338  11.989  4.599  6.753  3.522  2.614  2.843  4.609  3.160
  5.573  4.397  18.331  2.507  4.221  2.747  2.968  5.596  3.117  2.352
  18.287  2.113  7.843  4.524  2.323  11.794  2.350  3.364  6.573  2.150] 

z
================================================================================
3-th predict:
 [ 12.867  9.623  5.506  3.317  2.654  2.549  2.508  3.206  15.599  4.137
  4.897  3.317  2.755  2.508  2.890  3.206  12.867  4.897  4.137  3.582
  2.755  2.514  2.748  2.890  9.623  5.506  3.582  2.549  2.654  2.514] 

Mean hit:
 [ 11.825  8.589  4.789  3.403  2.959  2.752  2.672  3.312  16.386  4.308
  4.890  3.292  3.331  2.578  2.212  3.239  11.945  4.914  4.185  3.847
  3.248  2.564  2.244  2.312  8.731  4.723  3.849  2.677  2.879  2.676] 

-x
================================================================================
3-th predict:
 [ 2.531  2.532  4.173  4.173  2.851  16.715  2.851  4.320  2.986  3.360
  10.447  2.545  2.545  10.447  2.531  2.532  6.002  2.851  16.715  2.851
  4.173  4.173  2.986  6.002  4.320  2.545  10.447  3.360  10.447  2.545] 

Mean hit:
 [ 2.413  2.673  4.238  4.433  2.332  18.745  2.385  4.508  3.332  3.972
  9.430  2.696  2.738  9.396  2.369  2.665  5.576  2.277  17.865  2.290
  4.338  4.215  3.285  5.803  4.537  2.657  9.455  3.978  9.328  2.722] 

-y
================================================================================
3-th predict:
 [ 2.989  7.011  2.987  16.416  2.601  2.854  5.763  3.997  2.513  3.145
  2.522  16.416  3.336  5.763  2.527  3.997  2.989  2.522  3.145  7.216
  3.336  12.106  2.712  2.527  7.011  2.987  7.216  2.854  2.601  12.106] 

Mean hit:
 [ 3.246  6.487  2.274  18.565  2.408  3.229  5.749  4.235  2.635  3.421
  2.532  17.984  4.542  5.519  2.692  4.178  3.567  2.501  3.303  6.667
  4.557  11.877  2.278  2.738  6.561  2.275  6.594  3.104  2.324  12.281] 

-z
================================================================================
3-th predict:
 [ 3.050  2.784  2.514  2.755  3.582  4.137  4.897  14.779  3.271  2.549
  2.508  2.755  3.317  4.897  10.922  14.779  3.050  2.508  2.549  2.654
  3.317  5.506  9.171  10.922  2.784  2.514  2.654  4.137  3.582  5.506] 

Mean hit:
 [ 2.315  2.273  2.593  3.316  3.944  4.415  5.077  15.015  3.189  2.699
  2.618  3.202  3.376  4.918  9.930  14.584  2.304  2.584  2.680  2.938
  3.347  4.738  8.058  10.069  2.322  2.553  2.932  4.260  3.839  4.934] 

Saving file...
[[[ 1.724]]

 [[ 1.486]]

 [[ 1.009]]

 ...

 [[ 1.449]]

 [[ 1.345]]

 [[ 1.596]]] [ 1.792  1.463  0.934 ...  1.420  1.276  1.706]
here 10721544.339774292
True
[[ 6333072.564  2142678.272  1252113.259  484445.663]
 [ 2142678.272  2945766.361  1147738.706  668600.655]
 [ 1252113.259  1147738.706  1743143.777  687284.110]
 [ 484445.663  668600.655  687284.110  1135440.343]]
[[-6342306.733 -2142041.922 -1251231.879 -485451.892]
 [-2142041.922 -2952292.562 -1146923.751 -668223.947]
 [-1251231.879 -1146923.751 -1745298.505 -687781.721]
 [-485451.892 -668223.947 -687781.721 -1143664.122]]
[[ 0.000 -0.000 -0.000  0.000]
 [-0.000  0.000 -0.000 -0.000]
 [-0.000 -0.000  0.000 -0.000]
 [ 0.000 -0.000 -0.000  0.000]]
4-th coeff:
 [ 1.433  0.830  0.646  0.077] 

x
================================================================================
4-th predict:
 [ 5.809  4.227  2.660  2.660  10.291  3.138  10.291  2.649  3.034  17.207
  2.851  4.092  4.092  2.851  5.809  4.227  2.644  10.291  3.138  10.291
  2.660  2.660  3.034  2.644  2.649  4.092  2.851  17.207  2.851  4.092] 

Mean hit:
 [ 5.607  4.420  2.744  2.765  9.679  4.128  9.816  2.770  3.336  18.309
  2.300  4.305  4.337  2.321  5.620  4.429  2.470  9.561  3.866  9.514
  2.760  2.643  3.280  2.488  2.766  4.161  2.278  18.063  2.298  4.374] 

y
================================================================================
4-th predict:
 [ 3.031  2.683  12.059  3.125  6.994  3.171  2.638  2.678  4.530  2.920
  5.580  3.125  16.862  2.638  4.289  2.678  3.031  5.580  2.920  2.692
  16.862  2.932  8.506  4.289  2.683  12.059  2.692  3.171  6.994  2.932] 

Mean hit:
 [ 3.318  2.338  11.989  4.599  6.753  3.522  2.614  2.843  4.609  3.160
  5.573  4.397  18.331  2.507  4.221  2.747  2.968  5.596  3.117  2.352
  18.287  2.113  7.843  4.524  2.323  11.794  2.350  3.364  6.573  2.150] 

z
================================================================================
4-th predict:
 [ 12.885  9.432  5.335  3.323  2.751  2.664  2.629  3.055  15.930  4.059
  4.761  3.323  2.836  2.629  2.874  3.055  12.885  4.761  4.059  3.558
  2.836  2.632  2.787  2.874  9.432  5.335  3.558  2.664  2.751  2.632] 

Mean hit:
 [ 11.825  8.589  4.789  3.403  2.959  2.752  2.672  3.312  16.386  4.308
  4.890  3.292  3.331  2.578  2.212  3.239  11.945  4.914  4.185  3.847
  3.248  2.564  2.244  2.312  8.731  4.723  3.849  2.677  2.879  2.676] 

-x
================================================================================
4-th predict:
 [ 2.644  2.649  4.092  4.092  2.851  17.207  2.851  4.227  3.034  3.138
  10.291  2.660  2.660  10.291  2.644  2.649  5.809  2.851  17.207  2.851
  4.092  4.092  3.034  5.809  4.227  2.660  10.291  3.138  10.291  2.660] 

Mean hit:
 [ 2.413  2.673  4.238  4.433  2.332  18.745  2.385  4.508  3.332  3.972
  9.430  2.696  2.738  9.396  2.369  2.665  5.576  2.277  17.865  2.290
  4.338  4.215  3.285  5.803  4.537  2.657  9.455  3.978  9.328  2.722] 

-y
================================================================================
4-th predict:
 [ 3.036  6.791  2.932  16.862  2.692  2.920  5.580  3.932  2.634  3.171
  2.638  16.862  3.125  5.580  2.645  3.932  3.036  2.638  3.171  6.994
  3.125  12.059  2.764  2.645  6.791  2.932  6.994  2.920  2.692  12.059] 

Mean hit:
 [ 3.246  6.487  2.274  18.565  2.408  3.229  5.749  4.235  2.635  3.421
  2.532  17.984  4.542  5.519  2.692  4.178  3.567  2.501  3.303  6.667
  4.557  11.877  2.278  2.738  6.561  2.275  6.594  3.104  2.324  12.281] 

-z
================================================================================
4-th predict:
 [ 2.968  2.810  2.632  2.836  3.558  4.059  4.761  15.004  3.091  2.664
  2.629  2.836  3.323  4.761  10.792  15.004  2.968  2.629  2.664  2.751
  3.323  5.335  8.965  10.792  2.810  2.632  2.751  4.059  3.558  5.335] 

Mean hit:
 [ 2.315  2.273  2.593  3.316  3.944  4.415  5.077  15.015  3.189  2.699
  2.618  3.202  3.376  4.918  9.930  14.584  2.304  2.584  2.680  2.938
  3.347  4.738  8.058  10.069  2.322  2.553  2.932  4.260  3.839  4.934] 

Saving file...
[[[ 1.724]]

 [[ 1.486]]

 [[ 1.009]]

 ...

 [[ 1.449]]

 [[ 1.345]]

 [[ 1.596]]] [ 1.759  1.441  0.978 ...  1.401  1.269  1.674]
here 10726543.964584203
True
[[ 6333071.934  2142677.404  1252112.574  484445.615  387953.944]
 [ 2142677.404  2945765.694  1147738.331  758307.643  260467.721]
 [ 1252112.574  1147738.331  1823880.008  718867.023  409621.609]
 [ 484445.615  758307.643  718867.023  1187348.824  431767.849]
 [ 387953.944  260467.721  409621.609  431767.849  763451.520]]
[[-6329268.217 -2142740.414 -1250999.048 -481959.432 -388827.175]
 [-2142740.414 -2939254.045 -1147622.243 -757863.745 -261934.474]
 [-1250999.048 -1147622.243 -1819804.311 -719912.350 -410014.763]
 [-481959.432 -757863.745 -719912.350 -1182779.670 -432832.167]
 [-388827.175 -261934.474 -410014.763 -432832.167 -763684.511]]
[[ 0.000 -0.000 -0.000  0.000 -0.000]
 [-0.000  0.000 -0.000 -0.000  0.000]
 [-0.000 -0.000  0.000 -0.000 -0.000]
 [ 0.000 -0.000 -0.000  0.000 -0.000]
 [-0.000  0.000 -0.000 -0.000  0.000]]
5-th coeff:
 [ 1.427  0.844  0.617 -0.011  0.271] 

x
================================================================================
5-th predict:
 [ 5.572  4.464  2.633  2.633  9.429  3.774  9.429  2.585  3.386  18.636
  2.554  4.365  4.365  2.554  5.572  4.464  2.316  9.429  3.774  9.429
  2.633  2.633  3.386  2.316  2.585  4.365  2.554  18.636  2.554  4.365] 

Mean hit:
 [ 5.607  4.420  2.744  2.765  9.679  4.128  9.816  2.770  3.336  18.309
  2.300  4.305  4.337  2.321  5.620  4.429  2.470  9.561  3.866  9.514
  2.760  2.643  3.280  2.488  2.766  4.161  2.278  18.063  2.298  4.374] 

y
================================================================================
5-th predict:
 [ 3.383  2.294  11.373  3.697  6.458  3.558  2.333  2.698  4.678  3.221
  5.410  3.697  18.069  2.333  4.508  2.698  3.383  5.410  3.221  2.297
  18.069  2.796  7.721  4.508  2.294  11.373  2.297  3.558  6.458  2.796] 

Mean hit:
 [ 3.318  2.338  11.989  4.599  6.753  3.522  2.614  2.843  4.609  3.160
  5.573  4.397  18.331  2.507  4.221  2.747  2.968  5.596  3.117  2.352
  18.287  2.113  7.843  4.524  2.323  11.794  2.350  3.364  6.573  2.150] 

z
================================================================================
5-th predict:
 [ 12.372  8.576  5.238  3.721  2.899  2.645  2.445  3.310  16.596  4.341
  4.839  3.721  3.076  2.445  2.617  3.310  12.372  4.839  4.341  3.942
  3.076  2.357  2.413  2.617  8.576  5.238  3.942  2.645  2.899  2.357] 

Mean hit:
 [ 11.825  8.589  4.789  3.403  2.959  2.752  2.672  3.312  16.386  4.308
  4.890  3.292  3.331  2.578  2.212  3.239  11.945  4.914  4.185  3.847
  3.248  2.564  2.244  2.312  8.731  4.723  3.849  2.677  2.879  2.676] 

-x
================================================================================
5-th predict:
 [ 2.316  2.585  4.365  4.365  2.554  18.636  2.554  4.464  3.386  3.774
  9.429  2.633  2.633  9.429  2.316  2.585  5.572  2.554  18.636  2.554
  4.365  4.365  3.386  5.572  4.464  2.633  9.429  3.774  9.429  2.633] 

Mean hit:
 [ 2.413  2.673  4.238  4.433  2.332  18.745  2.385  4.508  3.332  3.972
  9.430  2.696  2.738  9.396  2.369  2.665  5.576  2.277  17.865  2.290
  4.338  4.215  3.285  5.803  4.537  2.657  9.455  3.978  9.328  2.722] 

-y
================================================================================
5-th predict:
 [ 3.390  6.301  2.796  18.069  2.297  3.221  5.410  4.245  2.497  3.558
  2.333  18.069  3.697  5.410  2.565  4.245  3.390  2.333  3.558  6.458
  3.697  11.373  2.374  2.565  6.301  2.796  6.458  3.221  2.297  11.373] 

Mean hit:
 [ 3.246  6.487  2.274  18.565  2.408  3.229  5.749  4.235  2.635  3.421
  2.532  17.984  4.542  5.519  2.692  4.178  3.567  2.501  3.303  6.667
  4.557  11.877  2.278  2.738  6.561  2.275  6.594  3.104  2.324  12.281] 

-z
================================================================================
5-th predict:
 [ 2.927  2.458  2.357  3.076  3.942  4.341  4.839  15.219  3.497  2.645
  2.445  3.076  3.721  4.839  9.953  15.219  2.927  2.445  2.645  2.899
  3.721  5.238  8.137  9.953  2.458  2.357  2.899  4.341  3.942  5.238] 

Mean hit:
 [ 2.315  2.273  2.593  3.316  3.944  4.415  5.077  15.015  3.189  2.699
  2.618  3.202  3.376  4.918  9.930  14.584  2.304  2.584  2.680  2.938
  3.347  4.738  8.058  10.069  2.322  2.553  2.932  4.260  3.839  4.934] 

Saving file...
[[[ 1.724]]

 [[ 1.486]]

 [[ 1.009]]

 ...

 [[ 1.449]]

 [[ 1.345]]

 [[ 1.596]]] [ 1.718  1.496  0.968 ...  1.468  1.372  1.656]
here 10769115.857629701
True
[[ 6333073.347  2142678.495  1252113.092  484445.286  387954.000
   28372.533]
 [ 2142678.495  2945766.510  1147738.570  758307.897  231071.534
   108318.973]
 [ 1252113.092  1147738.570  1823880.467  693670.609  401827.408
   63883.092]
 [ 484445.286  758307.897  693670.609  1179925.934  418933.403
   149220.788]
 [ 387954.000  231071.534  401827.408  418933.403  761425.381  293200.887]
 [ 28372.533  108318.973  63883.092  149220.788  293200.887  625544.249]]
[[-6336718.798 -2142507.583 -1251464.710 -482657.924 -390456.989
  -28405.339]
 [-2142507.583 -2956017.852 -1145759.597 -758562.237 -231899.321
  -109663.233]
 [-1251464.710 -1145759.597 -1829117.537 -693136.826 -399304.554
  -65891.072]
 [-482657.924 -758562.237 -693136.826 -1190230.250 -418163.836
  -150408.596]
 [-390456.989 -231899.321 -399304.554 -418163.836 -772997.737 -292668.119]
 [-28405.339 -109663.233 -65891.072 -150408.596 -292668.119 -633299.351]]
[[ 0.000 -0.000 -0.000  0.000 -0.000  0.000]
 [-0.000  0.000 -0.000 -0.000  0.000 -0.000]
 [-0.000 -0.000  0.000 -0.000 -0.000  0.000]
 [ 0.000 -0.000 -0.000  0.000 -0.000  0.000]
 [-0.000  0.000 -0.000 -0.000  0.000 -0.000]
 [ 0.000 -0.000  0.000  0.000 -0.000  0.000]]
6-th coeff:
 [ 1.425  0.849  0.610 -0.011  0.315 -0.105] 

x
================================================================================
6-th predict:
 [ 5.471  4.324  2.738  2.738  9.711  4.007  9.711  2.681  3.448  18.211
  2.391  4.234  4.234  2.391  5.471  4.324  2.290  9.711  4.007  9.711
  2.738  2.738  3.448  2.290  2.681  4.234  2.391  18.211  2.391  4.234] 

Mean hit:
 [ 5.607  4.420  2.744  2.765  9.679  4.128  9.816  2.770  3.336  18.309
  2.300  4.305  4.337  2.321  5.620  4.429  2.470  9.561  3.866  9.514
  2.760  2.643  3.280  2.488  2.766  4.161  2.278  18.063  2.298  4.374] 

y
================================================================================
6-th predict:
 [ 3.446  2.210  11.697  3.888  6.462  3.582  2.323  2.813  4.528  3.314
  5.292  3.888  17.746  2.323  4.365  2.813  3.446  5.292  3.314  2.203
  17.746  2.660  7.871  4.365  2.210  11.697  2.203  3.582  6.462  2.660] 

Mean hit:
 [ 3.318  2.338  11.989  4.599  6.753  3.522  2.614  2.843  4.609  3.160
  5.573  4.397  18.331  2.507  4.221  2.747  2.968  5.596  3.117  2.352
  18.287  2.113  7.843  4.524  2.323  11.794  2.350  3.364  6.573  2.150] 

z
================================================================================
6-th predict:
 [ 12.673  8.803  5.106  3.706  3.024  2.753  2.499  3.323  16.507  4.212
  4.689  3.706  3.189  2.499  2.457  3.323  12.673  4.689  4.212  3.878
  3.189  2.365  2.259  2.457  8.803  5.106  3.878  2.753  3.024  2.365] 

Mean hit:
 [ 11.825  8.589  4.789  3.403  2.959  2.752  2.672  3.312  16.386  4.308
  4.890  3.292  3.331  2.578  2.212  3.239  11.945  4.914  4.185  3.847
  3.248  2.564  2.244  2.312  8.731  4.723  3.849  2.677  2.879  2.676] 

-x
================================================================================
6-th predict:
 [ 2.290  2.681  4.234  4.234  2.391  18.211  2.391  4.324  3.448  4.007
  9.711  2.738  2.738  9.711  2.290  2.681  5.471  2.391  18.211  2.391
  4.234  4.234  3.448  5.471  4.324  2.738  9.711  4.007  9.711  2.738] 

Mean hit:
 [ 2.413  2.673  4.238  4.433  2.332  18.745  2.385  4.508  3.332  3.972
  9.430  2.696  2.738  9.396  2.369  2.665  5.576  2.277  17.865  2.290
  4.338  4.215  3.285  5.803  4.537  2.657  9.455  3.978  9.328  2.722] 

-y
================================================================================
6-th predict:
 [ 3.451  6.285  2.660  17.746  2.203  3.314  5.292  4.128  2.570  3.582
  2.323  17.746  3.888  5.292  2.656  4.128  3.451  2.323  3.582  6.462
  3.888  11.697  2.229  2.656  6.285  2.660  6.462  3.314  2.203  11.697] 

Mean hit:
 [ 3.246  6.487  2.274  18.565  2.408  3.229  5.749  4.235  2.635  3.421
  2.532  17.984  4.542  5.519  2.692  4.178  3.567  2.501  3.303  6.667
  4.557  11.877  2.278  2.738  6.561  2.275  6.594  3.104  2.324  12.281] 

-z
================================================================================
6-th predict:
 [ 2.818  2.298  2.365  3.189  3.878  4.212  4.689  15.305  3.590  2.753
  2.499  3.189  3.706  4.689  10.258  15.305  2.818  2.499  2.753  3.024
  3.706  5.106  8.327  10.258  2.298  2.365  3.024  4.212  3.878  5.106] 

Mean hit:
 [ 2.315  2.273  2.593  3.316  3.944  4.415  5.077  15.015  3.189  2.699
  2.618  3.202  3.376  4.918  9.930  14.584  2.304  2.584  2.680  2.938
  3.347  4.738  8.058  10.069  2.322  2.553  2.932  4.260  3.839  4.934] 

Saving file...
[[[ 1.724]]

 [[ 1.486]]

 [[ 1.009]]

 ...

 [[ 1.449]]

 [[ 1.345]]

 [[ 1.596]]] [ 1.699  1.464  1.007 ...  1.438  1.355  1.630]
here 10774679.042108102
True
[[ 6333073.809  2142678.752  1252112.905  484445.866  387954.256
   28372.688 -78426.795]
 [ 2142678.752  2945766.540  1147739.020  758307.963  231071.878
   133564.592 -89857.747]
 [ 1252112.905  1147739.020  1823880.638  693670.904  422865.340
   69842.689 -83120.352]
 [ 484445.866  758307.963  693670.904  1199962.138  424451.537
   155745.513  9269.213]
 [ 387954.256  231071.878  422865.340  424451.537  767574.128  294097.773
   123776.392]
 [ 28372.688  133564.592  69842.689  155745.513  294097.773  624944.697
   220152.525]
 [-78426.795 -89857.747 -83120.352  9269.213  123776.392  220152.525
   442805.482]]
[[-6336718.798 -2142507.583 -1253327.355 -485451.892 -388128.683
  -29336.661  79395.249]
 [-2142507.583 -2948567.271 -1148553.565 -757630.914 -231666.490
  -132480.636  90803.951]
 [-1253327.355 -1148553.565 -1825392.246 -693369.657 -425148.755
  -71013.346  83819.032]
 [-485451.892 -757630.914 -693369.657 -1205131.412 -423053.280
  -155996.531 -8614.734]
 [-388128.683 -231666.490 -425148.755 -423053.280 -769272.447 -295229.256
  -122236.088]
 [-29336.661 -132480.636 -71013.346 -155996.531 -295229.256 -627711.415
  -218395.144]
 [ 79395.249  90803.951  83819.032 -8614.734 -122236.088 -218395.144
  -445172.191]]
[[ 0.000 -0.000 -0.000  0.000 -0.000  0.000 -0.000]
 [-0.000  0.000 -0.000 -0.000  0.000 -0.000  0.000]
 [-0.000 -0.000  0.000 -0.000 -0.000  0.000  0.000]
 [ 0.000 -0.000 -0.000  0.000 -0.000 -0.000  0.000]
 [-0.000  0.000 -0.000 -0.000  0.000 -0.000 -0.000]
 [ 0.000 -0.000  0.000 -0.000 -0.000  0.000 -0.000]
 [-0.000  0.000  0.000  0.000 -0.000 -0.000  0.000]]
7-th coeff:
 [ 1.425  0.852  0.618 -0.010  0.304 -0.148  0.131] 

x
================================================================================
7-th predict:
 [ 5.706  4.344  2.812  2.812  9.540  4.203  9.540  2.771  3.286  18.577
  2.255  4.224  4.224  2.255  5.706  4.344  2.396  9.540  4.203  9.540
  2.812  2.812  3.286  2.396  2.771  4.224  2.255  18.577  2.255  4.224] 

Mean hit:
 [ 5.607  4.420  2.744  2.765  9.679  4.128  9.816  2.770  3.336  18.309
  2.300  4.305  4.337  2.321  5.620  4.429  2.470  9.561  3.866  9.514
  2.760  2.643  3.280  2.488  2.766  4.161  2.278  18.063  2.298  4.374] 

y
================================================================================
7-th predict:
 [ 3.284  2.259  11.338  4.027  6.683  3.408  2.439  2.863  4.611  3.182
  5.515  4.027  17.971  2.439  4.398  2.863  3.284  5.515  3.182  2.239
  17.971  2.490  7.942  4.398  2.259  11.338  2.239  3.408  6.683  2.490] 

Mean hit:
 [ 3.318  2.338  11.989  4.599  6.753  3.522  2.614  2.843  4.609  3.160
  5.573  4.397  18.331  2.507  4.221  2.747  2.968  5.596  3.117  2.352
  18.287  2.113  7.843  4.524  2.323  11.794  2.350  3.364  6.573  2.150] 

z
================================================================================
7-th predict:
 [ 12.275  8.749  5.308  3.540  2.995  2.822  2.624  3.248  16.431  4.194
  4.814  3.540  3.097  2.624  2.306  3.248  12.275  4.814  4.194  3.748
  3.097  2.489  2.179  2.306  8.749  5.308  3.748  2.822  2.995  2.489] 

Mean hit:
 [ 11.825  8.589  4.789  3.403  2.959  2.752  2.672  3.312  16.386  4.308
  4.890  3.292  3.331  2.578  2.212  3.239  11.945  4.914  4.185  3.847
  3.248  2.564  2.244  2.312  8.731  4.723  3.849  2.677  2.879  2.676] 

-x
================================================================================
7-th predict:
 [ 2.396  2.771  4.224  4.224  2.255  18.577  2.255  4.344  3.286  4.203
  9.540  2.812  2.812  9.540  2.396  2.771  5.706  2.255  18.577  2.255
  4.224  4.224  3.286  5.706  4.344  2.812  9.540  4.203  9.540  2.812] 

Mean hit:
 [ 2.413  2.673  4.238  4.433  2.332  18.745  2.385  4.508  3.332  3.972
  9.430  2.696  2.738  9.396  2.369  2.665  5.576  2.277  17.865  2.290
  4.338  4.215  3.285  5.803  4.537  2.657  9.455  3.978  9.328  2.722] 

-y
================================================================================
7-th predict:
 [ 3.288  6.517  2.490  17.971  2.239  3.182  5.515  4.081  2.685  3.408
  2.439  17.971  4.027  5.515  2.753  4.081  3.288  2.439  3.408  6.683
  4.027  11.338  2.173  2.753  6.517  2.490  6.683  3.182  2.239  11.338] 

Mean hit:
 [ 3.246  6.487  2.274  18.565  2.408  3.229  5.749  4.235  2.635  3.421
  2.532  17.984  4.542  5.519  2.692  4.178  3.567  2.501  3.303  6.667
  4.557  11.877  2.278  2.738  6.561  2.275  6.594  3.104  2.324  12.281] 

-z
================================================================================
7-th predict:
 [ 2.653  2.196  2.489  3.097  3.748  4.194  4.814  15.036  3.601  2.822
  2.624  3.097  3.540  4.814  10.024  15.036  2.653  2.624  2.822  2.995
  3.540  5.308  8.337  10.024  2.196  2.489  2.995  4.194  3.748  5.308] 

Mean hit:
 [ 2.315  2.273  2.593  3.316  3.944  4.415  5.077  15.015  3.189  2.699
  2.618  3.202  3.376  4.918  9.930  14.584  2.304  2.584  2.680  2.938
  3.347  4.738  8.058  10.069  2.322  2.553  2.932  4.260  3.839  4.934] 

Saving file...
[[[ 1.724]]

 [[ 1.486]]

 [[ 1.009]]

 ...

 [[ 1.449]]

 [[ 1.345]]

 [[ 1.596]]] [ 1.742  1.469  1.034 ...  1.434  1.321  1.669]
here 10780718.509003164
True
[[ 6333072.541  2142678.517  1252113.231  484445.711  387954.198
   28372.541 -78426.365 -209275.550]
 [ 2142678.517  2945766.334  1147738.834  758308.069  231071.728
   133564.800 -99591.815 -269258.382]
 [ 1252113.231  1147738.834  1823880.447  693670.733  422865.614
   61878.422 -85796.803 -118570.471]
 [ 484445.711  758308.069  693670.733  1199962.191  417077.189
   153312.445  7583.933 -68569.447]
 [ 387954.198  231071.728  422865.614  417077.189  765208.482  292596.338
   123563.367 -16520.294]
 [ 28372.541  133564.800  61878.422  153312.445  292596.338  624746.471
   221000.911  17556.191]
 [-78426.365 -99591.815 -85796.803  7583.933  123563.367  221000.911
   442993.269  123679.764]
 [-209275.550 -269258.382 -118570.471 -68569.447 -16520.294  17556.191
   123679.764  284949.199]]
[[-6331130.862 -2142973.244 -1252861.694 -483589.247 -387197.360
  -29569.492  77998.266  209780.410]
 [-2142973.244 -2941116.691 -1148553.565 -757863.745 -232364.982
  -132713.467  100117.177  269152.224]
 [-1252861.694 -1148553.565 -1821666.956 -694999.471 -423286.110
  -62165.782  84983.185  118510.798]
 [-483589.247 -757863.745 -694999.471 -1195818.186 -416999.683
  -153435.394 -6286.427  68917.871]
 [-387197.360 -232364.982 -423286.110 -416999.683 -765547.156 -292202.458
  -122236.088  16065.314]
 [-29569.492 -132713.467 -62165.782 -153435.394 -292202.458 -622123.480
  -219792.128 -15599.653]
 [ 77998.266  100117.177  84983.185 -6286.427 -122236.088 -219792.128
  -443309.546 -121770.427]
 [ 209780.410  269152.224  118510.798  68917.871  16065.314 -15599.653
  -121770.427 -286847.353]]
[[ 0.000 -0.000 -0.000  0.000 -0.000  0.000 -0.000  0.000]
 [-0.000  0.000 -0.000 -0.000  0.000 -0.000 -0.000  0.000]
 [-0.000 -0.000  0.000 -0.000 -0.000  0.000  0.000 -0.000]
 [ 0.000 -0.000 -0.000  0.000 -0.000 -0.000  0.000 -0.000]
 [-0.000  0.000 -0.000 -0.000  0.000 -0.000 -0.000  0.000]
 [ 0.000 -0.000  0.000 -0.000 -0.000  0.000 -0.000  0.000]
 [-0.000 -0.000  0.000  0.000 -0.000 -0.000  0.000 -0.000]
 [ 0.000  0.000 -0.000 -0.000  0.000  0.000 -0.000  0.000]]
8-th coeff:
 [ 1.425  0.846  0.618 -0.009  0.301 -0.152  0.154 -0.079] 

x
================================================================================
8-th predict:
 [ 5.619  4.411  2.776  2.776  9.541  4.285  9.541  2.748  3.257  18.402
  2.224  4.298  4.298  2.224  5.619  4.411  2.473  9.541  4.285  9.541
  2.776  2.776  3.257  2.473  2.748  4.298  2.224  18.402  2.224  4.298] 

Mean hit:
 [ 5.607  4.420  2.744  2.765  9.679  4.128  9.816  2.770  3.336  18.309
  2.300  4.305  4.337  2.321  5.620  4.429  2.470  9.561  3.866  9.514
  2.760  2.643  3.280  2.488  2.766  4.161  2.278  18.063  2.298  4.374] 

y
================================================================================
8-th predict:
 [ 3.255  2.339  11.509  4.068  6.524  3.410  2.509  2.813  4.656  3.128
  5.449  4.068  17.899  2.509  4.462  2.813  3.255  5.449  3.128  2.316
  17.899  2.409  7.804  4.462  2.339  11.509  2.316  3.410  6.524  2.409] 

Mean hit:
 [ 3.318  2.338  11.989  4.599  6.753  3.522  2.614  2.843  4.609  3.160
  5.573  4.397  18.331  2.507  4.221  2.747  2.968  5.596  3.117  2.352
  18.287  2.113  7.843  4.524  2.323  11.794  2.350  3.364  6.573  2.150] 

z
================================================================================
8-th predict:
 [ 12.507  8.673  5.268  3.572  2.923  2.784  2.648  3.169  16.561  4.269
  4.836  3.572  3.029  2.648  2.259  3.169  12.507  4.836  4.269  3.810
  3.029  2.549  2.195  2.259  8.673  5.268  3.810  2.784  2.923  2.549] 

Mean hit:
 [ 11.825  8.589  4.789  3.403  2.959  2.752  2.672  3.312  16.386  4.308
  4.890  3.292  3.331  2.578  2.212  3.239  11.945  4.914  4.185  3.847
  3.248  2.564  2.244  2.312  8.731  4.723  3.849  2.677  2.879  2.676] 

-x
================================================================================
8-th predict:
 [ 2.473  2.748  4.298  4.298  2.224  18.402  2.224  4.411  3.257  4.285
  9.541  2.776  2.776  9.541  2.473  2.748  5.619  2.224  18.402  2.224
  4.298  4.298  3.257  5.619  4.411  2.776  9.541  4.285  9.541  2.776] 

Mean hit:
 [ 2.413  2.673  4.238  4.433  2.332  18.745  2.385  4.508  3.332  3.972
  9.430  2.696  2.738  9.396  2.369  2.665  5.576  2.277  17.865  2.290
  4.338  4.215  3.285  5.803  4.537  2.657  9.455  3.978  9.328  2.722] 

-y
================================================================================
8-th predict:
 [ 3.260  6.365  2.409  17.899  2.316  3.128  5.449  4.158  2.690  3.410
  2.509  17.899  4.068  5.449  2.736  4.158  3.260  2.509  3.410  6.524
  4.068  11.509  2.206  2.736  6.365  2.409  6.524  3.128  2.316  11.509] 

Mean hit:
 [ 3.246  6.487  2.274  18.565  2.408  3.229  5.749  4.235  2.635  3.421
  2.532  17.984  4.542  5.519  2.692  4.178  3.567  2.501  3.303  6.667
  4.557  11.877  2.278  2.738  6.561  2.275  6.594  3.104  2.324  12.281] 

-z
================================================================================
8-th predict:
 [ 2.558  2.195  2.549  3.029  3.810  4.269  4.836  15.273  3.565  2.784
  2.648  3.029  3.572  4.836  10.074  15.273  2.558  2.648  2.784  2.923
  3.572  5.268  8.226  10.074  2.195  2.549  2.923  4.269  3.810  5.268] 

Mean hit:
 [ 2.315  2.273  2.593  3.316  3.944  4.415  5.077  15.015  3.189  2.699
  2.618  3.202  3.376  4.918  9.930  14.584  2.304  2.584  2.680  2.938
  3.347  4.738  8.058  10.069  2.322  2.553  2.932  4.260  3.839  4.934] 

Saving file...
[[[ 1.724]]

 [[ 1.486]]

 [[ 1.009]]

 ...

 [[ 1.449]]

 [[ 1.345]]

 [[ 1.596]]] [ 1.726  1.484  1.021 ...  1.451  1.338  1.662]
here 10782153.548435036
True
[[ 6333072.745  2142678.260  1252113.223  484445.461  387953.894
   28372.253 -78426.471 -209275.728 -427906.556]
 [ 2142678.260  2945766.397  1147738.581  758307.892  231071.457
   133564.604 -99592.045 -264815.850 -190238.992]
 [ 1252113.223  1147738.581  1823880.330  693670.463  422865.484
   61878.194 -82208.687 -117267.761 -203250.840]
 [ 484445.461  758307.892  693670.463  1199962.102  417076.959
   156574.401  8753.009 -68063.603 -119327.585]
 [ 387953.894  231071.457  422865.484  417076.959  768379.855  293712.262
   123983.597 -16273.301 -147049.594]
 [ 28372.253  133564.604  61878.194  156574.401  293712.262  625144.257
   221232.119  17429.494 -81331.179]
 [-78426.471 -99592.045 -82208.687  8753.009  123983.597  221232.119
   442854.591  123313.633 -85678.314]
 [-209275.728 -264815.850 -117267.761 -68063.603 -16273.301  17429.494
   123313.633  284005.416  75774.896]
 [-427906.556 -190238.992 -203250.840 -119327.585 -147049.594 -81331.179
  -85678.314  75774.896  263380.712]]
[[-6331130.862 -2143438.905 -1252628.863 -483822.078 -387663.022
  -30267.984  80093.741  208383.426  428175.554]
 [-2143438.905 -2946704.626 -1148087.904 -758795.068 -230967.999
  -134110.451  100815.669  266358.256  190688.297]
 [-1252628.863 -1148087.904 -1821666.956 -691507.012 -424450.263
  -61700.121  82189.217  116880.983  202795.491]
 [-483822.078 -758795.068 -691507.012 -1195818.186 -416534.021
  -157859.176 -8847.564  69150.701  118976.459]
 [-387663.022 -230967.999 -424450.263 -416534.021 -767409.801 -294297.934
  -125030.056  17229.468  148778.781]
 [-30267.984 -134110.451 -61700.121 -157859.176 -294297.934 -622123.480
  -222353.265 -17695.129  82887.709]
 [ 80093.741  100815.669  82189.217 -8847.564 -125030.056 -222353.265
  -439584.255 -122934.580  85216.016]
 [ 208383.426  266358.256  116880.983  69150.701  17229.468 -17695.129
  -122934.580 -279396.772 -75437.129]
 [ 428175.554  190688.297  202795.491  118976.459  148778.781  82887.709
   85216.016 -75437.129 -260770.321]]
[[ 0.000 -0.000 -0.000  0.000 -0.000  0.000  0.000 -0.000  0.000]
 [-0.000  0.000 -0.000 -0.000  0.000 -0.000 -0.000  0.000 -0.000]
 [-0.000 -0.000  0.000 -0.000 -0.000  0.000  0.000 -0.000  0.000]
 [ 0.000 -0.000 -0.000  0.000 -0.000 -0.000  0.000 -0.000  0.000]
 [-0.000  0.000 -0.000 -0.000  0.000 -0.000 -0.000 -0.000  0.000]
 [ 0.000 -0.000  0.000 -0.000 -0.000  0.000 -0.000  0.000 -0.000]
 [ 0.000 -0.000  0.000  0.000 -0.000 -0.000  0.000 -0.000  0.000]
 [-0.000  0.000 -0.000 -0.000 -0.000  0.000 -0.000  0.000 -0.000]
 [ 0.000 -0.000  0.000  0.000  0.000 -0.000  0.000 -0.000  0.000]]
9-th coeff:
 [ 1.428  0.844  0.621 -0.009  0.305 -0.152  0.168 -0.096  0.049] 

x
================================================================================
9-th predict:
 [ 5.611  4.384  2.746  2.746  9.582  4.329  9.582  2.717  3.295  18.500
  2.228  4.278  4.278  2.228  5.611  4.384  2.495  9.582  4.329  9.582
  2.746  2.746  3.295  2.495  2.717  4.278  2.228  18.500  2.228  4.278] 

Mean hit:
 [ 5.607  4.420  2.744  2.765  9.679  4.128  9.816  2.770  3.336  18.309
  2.300  4.305  4.337  2.321  5.620  4.429  2.470  9.561  3.866  9.514
  2.760  2.643  3.280  2.488  2.766  4.161  2.278  18.063  2.298  4.374] 

y
================================================================================
9-th predict:
 [ 3.292  2.385  11.436  4.081  6.577  3.452  2.523  2.785  4.618  3.155
  5.430  4.081  17.921  2.523  4.432  2.785  3.292  5.430  3.155  2.364
  17.921  2.370  7.894  4.432  2.385  11.436  2.364  3.452  6.577  2.370] 

Mean hit:
 [ 3.318  2.338  11.989  4.599  6.753  3.522  2.614  2.843  4.609  3.160
  5.573  4.397  18.331  2.507  4.221  2.747  2.968  5.596  3.117  2.352
  18.287  2.113  7.843  4.524  2.323  11.794  2.350  3.364  6.573  2.150] 

z
================================================================================
9-th predict:
 [ 12.381  8.749  5.239  3.609  2.913  2.753  2.629  3.104  16.445  4.251
  4.796  3.609  3.040  2.629  2.250  3.104  12.381  4.796  4.251  3.831
  3.040  2.553  2.229  2.250  8.749  5.239  3.831  2.753  2.913  2.553] 

Mean hit:
 [ 11.825  8.589  4.789  3.403  2.959  2.752  2.672  3.312  16.386  4.308
  4.890  3.292  3.331  2.578  2.212  3.239  11.945  4.914  4.185  3.847
  3.248  2.564  2.244  2.312  8.731  4.723  3.849  2.677  2.879  2.676] 

-x
